17,2
17,1
17,3
15,2
15,1
15,3
16,2
16,1
16,3
13,2
14,2
4,4
4,10
4,24
4,8
4,20
4,34
4,18
4,2
4,3
6,2
6,3
7,4
7,6
7,13
7,11
7,5
7,2
7,3
5,4
5,2
5,1
5,3
73,36
73,35
10,151
10,147
10,155
10,111
10,247
10,115
10,309
11,29
11,19
8,17
8,18
71,5
71,4
71,3
71,2
71,1
71,0
69,5
69,4
69,3
69,2
69,1
69,0
66,5
66,4
66,3
66,2
66,1
66,0
57,5
57,3
57,1
56,4
56,3
56,1
54,3
54,1
51,3
51,1
49,3
49,1
47,3
47,1
45,4
45,3
45,1
40,5
40,3
40,1
37,3
37,1
20,3
20,2
20,1
19,3
19,2
19,1
18,3
18,1
14,1
14,3
13,1
12,3
12,2
13,3
12,1
11,25
11,23
11,17
11,15
11,12
11,11
11,9
11,7
11,5
11,3
11,2
11,1
10,299
10,235
10,209
10,185
10,149
